palette = {6707, 19154, 24600, 64888, 22750, 20939, 30542, 47949, 14855, 56748, 46344, 11994, 18621, 38776, 63943, 62737, 30536, 49319, 17139, 51517, 47838, 29221, 35966, 39090, 12173, 23915, 29556, 65535, 26634, 24154, 34234, 51666, 18542, 60751, 49990, 16033, 23253, 42297, 65535, 65535, 34230, 53024, 21695, 55295, 51512, 51296, 56551, 58401}
back_red = 4727
back_green = 15962
back_blue = 20768
text_red = 43970
text_green = 49110
text_blue = 50914
cursor_red = 29221
cursor_green = 35966
cursor_blue = 39090

